RS_number	rs7240767	rs62080313	rs76197067	rs72926932	rs28719468	rs17684074	rs9957145	rs523288	rs74452128	rs10469140	rs12454712
rs7240767	1.0	0.0	NA	0.001	0.0	0.0	0.0	0.0	0.001	0.0	0.001
rs62080313	0.0	1.0	NA	0.0	0.0	0.0	0.004	0.001	0.001	0.001	0.004
rs76197067	NA	NA	NA	NA	NA	NA	NA	NA	NA	NA	NA
rs72926932	0.001	0.0	NA	1.0	0.004	0.0	0.0	0.0	0.001	0.001	0.004
rs28719468	0.0	0.0	NA	0.004	1.0	0.0	0.001	0.001	0.0	0.0	0.0
rs17684074	0.0	0.0	NA	0.0	0.0	1.0	0.0	0.0	0.0	0.001	0.0
rs9957145	0.0	0.004	NA	0.0	0.001	0.0	1.0	0.002	0.0	0.001	0.0
rs523288	0.0	0.001	NA	0.0	0.001	0.0	0.002	1.0	0.0	0.002	0.002
rs74452128	0.001	0.001	NA	0.001	0.0	0.0	0.0	0.0	1.0	0.001	0.0
rs10469140	0.0	0.001	NA	0.001	0.0	0.001	0.001	0.002	0.001	1.0	0.0
rs12454712	0.001	0.004	NA	0.004	0.0	0.0	0.0	0.002	0.0	0.0	1.0
