RS_number	rs11257655	rs177045	rs61850200	rs41277236	rs2642588	rs703972	rs1317617	rs11202627	rs7078559	rs10882101	rs1112718	rs536643418	rs140242150	rs7918400	rs184509201	rs180988137	rs78025551	rs7903146	rs34855922	rs72631105	rs2280141
rs11257655	1.0	0.0	0.0	0.0	0.0	0.001	0.0	0.0	0.0	0.0	0.001	0.004	0.003	0.0	0.0	0.0	0.0	0.001	0.004	0.0	0.001
rs177045	0.0	1.0	0.204	0.018	0.0	0.001	0.0	0.004	0.002	0.0	0.0	0.002	0.001	0.008	0.002	0.0	0.0	0.001	0.0	0.0	0.0
rs61850200	0.0	0.204	1.0	0.116	0.001	0.004	0.0	0.003	0.001	0.001	0.001	0.0	0.0	0.005	0.003	0.001	0.001	0.0	0.003	0.0	0.0
rs41277236	0.0	0.018	0.116	1.0	0.0	0.0	0.001	0.0	0.003	0.001	0.001	0.0	0.0	0.0	0.002	0.001	0.001	0.001	0.001	0.0	0.003
rs2642588	0.0	0.0	0.001	0.0	1.0	0.004	0.002	0.003	0.001	0.0	0.0	0.0	0.0	0.0	0.0	0.0	0.0	0.0	0.001	0.001	0.007
rs703972	0.001	0.001	0.004	0.0	0.004	1.0	0.003	0.001	0.001	0.0	0.0	0.0	0.001	0.0	0.0	0.0	0.015	0.006	0.0	0.0	0.002
rs1317617	0.0	0.0	0.0	0.001	0.002	0.003	1.0	0.0	0.0	0.002	0.0	0.0	0.0	0.0	0.0	0.0	0.0	0.0	0.001	0.001	0.0
rs11202627	0.0	0.004	0.003	0.0	0.003	0.001	0.0	1.0	0.001	0.001	0.0	0.001	0.001	0.0	0.001	0.001	0.0	0.001	0.0	0.001	0.001
rs7078559	0.0	0.002	0.001	0.003	0.001	0.001	0.0	0.001	1.0	0.026	0.011	0.001	0.002	0.0	0.0	0.001	0.001	0.002	0.0	0.001	0.0
rs10882101	0.0	0.0	0.001	0.001	0.0	0.0	0.002	0.001	0.026	1.0	0.699	0.004	0.0	0.001	0.0	0.002	0.003	0.0	0.0	0.002	0.0
rs1112718	0.001	0.0	0.001	0.001	0.0	0.0	0.0	0.0	0.011	0.699	1.0	0.001	0.0	0.001	0.001	0.001	0.001	0.001	0.001	0.002	0.0
rs536643418	0.004	0.002	0.0	0.0	0.0	0.0	0.0	0.001	0.001	0.004	0.001	1.0	0.0	0.004	0.0	0.0	0.001	0.011	0.002	0.0	0.0
rs140242150	0.003	0.001	0.0	0.0	0.0	0.001	0.0	0.001	0.002	0.0	0.0	0.0	1.0	0.003	0.0	0.0	0.001	0.0	0.001	0.001	0.0
rs7918400	0.0	0.008	0.005	0.0	0.0	0.0	0.0	0.0	0.0	0.001	0.001	0.004	0.003	1.0	0.01	0.004	0.048	0.018	0.0	0.0	0.001
rs184509201	0.0	0.002	0.003	0.002	0.0	0.0	0.0	0.001	0.0	0.0	0.001	0.0	0.0	0.01	1.0	0.0	0.004	0.0	0.0	0.001	0.0
rs180988137	0.0	0.0	0.001	0.001	0.0	0.0	0.0	0.001	0.001	0.002	0.001	0.0	0.0	0.004	0.0	1.0	0.002	0.019	0.001	0.0	0.0
rs78025551	0.0	0.0	0.001	0.001	0.0	0.015	0.0	0.0	0.001	0.003	0.001	0.001	0.001	0.048	0.004	0.002	1.0	0.078	0.002	0.006	0.003
rs7903146	0.001	0.001	0.0	0.001	0.0	0.006	0.0	0.001	0.002	0.0	0.001	0.011	0.0	0.018	0.0	0.019	0.078	1.0	0.001	0.001	0.004
rs34855922	0.004	0.0	0.003	0.001	0.001	0.0	0.001	0.0	0.0	0.0	0.001	0.002	0.001	0.0	0.0	0.001	0.002	0.001	1.0	0.002	0.004
rs72631105	0.0	0.0	0.0	0.0	0.001	0.0	0.001	0.001	0.001	0.002	0.002	0.0	0.001	0.0	0.001	0.0	0.006	0.001	0.002	1.0	0.0
rs2280141	0.001	0.0	0.0	0.003	0.007	0.002	0.0	0.001	0.0	0.0	0.0	0.0	0.0	0.001	0.0	0.0	0.003	0.004	0.004	0.0	1.0
