RS_number	rs10848958	rs11063028	rs4238013	rs3217792	rs76895963	rs3217860	rs2066827	rs718314	rs10842994	rs2258238	rs1042725	rs1796330	rs2197973	rs557027608	rs77864822	rs1426371	rs34965774	rs12578639	rs11065299	rs73226260	rs1800574	rs56348580	rs28638142	rs73224262	rs4148856	rs7978610	rs825452	rs12811407
rs10848958	1.0	0.002	0.0	0.006	0.0	0.0	0.0	0.0	0.001	0.0	0.002	0.001	0.0	NA	0.0	0.004	0.0	0.0	0.0	0.0	0.001	0.0	0.003	0.0	0.0	0.0	0.001	0.0
rs11063028	0.002	1.0	0.001	0.002	0.0	0.001	0.0	0.0	0.001	0.002	0.001	0.001	0.001	NA	0.002	0.003	0.0	0.002	0.0	0.0	0.001	0.002	0.003	0.0	0.0	0.001	0.001	0.001
rs4238013	0.0	0.001	1.0	0.019	0.0	0.002	0.0	0.002	0.001	0.001	0.002	0.0	0.0	NA	0.0	0.0	0.002	0.0	0.004	0.001	0.003	0.0	0.0	0.0	0.0	0.0	0.0	0.002
rs3217792	0.006	0.002	0.019	1.0	0.003	0.023	0.0	0.001	0.001	0.0	0.001	0.001	0.001	NA	0.001	0.004	0.0	0.001	0.0	0.0	0.0	0.001	0.0	0.001	0.001	0.0	0.002	0.0
rs76895963	0.0	0.0	0.0	0.003	1.0	0.004	0.002	0.0	0.0	0.0	0.0	0.0	0.0	NA	0.0	0.002	0.0	0.003	0.0	0.0	0.001	0.0	0.001	0.0	0.0	0.001	0.0	0.0
rs3217860	0.0	0.001	0.002	0.023	0.004	1.0	0.005	0.0	0.001	0.002	0.001	0.0	0.004	NA	0.0	0.0	0.0	0.0	0.0	0.0	0.0	0.0	0.001	0.0	0.005	0.0	0.001	0.005
rs2066827	0.0	0.0	0.0	0.0	0.002	0.005	1.0	0.0	0.0	0.003	0.012	0.002	0.001	NA	0.002	0.0	0.0	0.0	0.003	0.001	0.0	0.002	0.001	0.001	0.0	0.0	0.0	0.0
rs718314	0.0	0.0	0.002	0.001	0.0	0.0	0.0	1.0	0.0	0.004	0.001	0.0	0.001	NA	0.0	0.0	0.001	0.0	0.0	0.0	0.001	0.0	0.001	0.0	0.001	0.0	0.001	0.0
rs10842994	0.001	0.001	0.001	0.001	0.0	0.001	0.0	0.0	1.0	0.0	0.004	0.0	0.001	NA	0.004	0.001	0.0	0.0	0.001	0.0	0.004	0.0	0.0	0.001	0.0	0.001	0.0	0.0
rs2258238	0.0	0.002	0.001	0.0	0.0	0.002	0.003	0.004	0.0	1.0	0.017	0.0	0.0	NA	0.0	0.0	0.0	0.001	0.001	0.0	0.001	0.001	0.001	0.0	0.0	0.001	0.001	0.001
rs1042725	0.002	0.001	0.002	0.001	0.0	0.001	0.012	0.001	0.004	0.017	1.0	0.003	0.0	NA	0.001	0.001	0.002	0.003	0.0	0.001	0.0	0.0	0.002	0.004	0.0	0.0	0.0	0.001
rs1796330	0.001	0.001	0.0	0.001	0.0	0.0	0.002	0.0	0.0	0.0	0.003	1.0	0.0	NA	0.0	0.0	0.003	0.0	0.001	0.0	0.001	0.0	0.005	0.004	0.0	0.001	0.001	0.001
rs2197973	0.0	0.001	0.0	0.001	0.0	0.004	0.001	0.001	0.001	0.0	0.0	0.0	1.0	NA	0.002	0.002	0.0	0.0	0.002	0.0	0.002	0.0	0.002	0.003	0.001	0.001	0.0	0.0
rs557027608	NA	NA	NA	NA	NA	NA	NA	NA	NA	NA	NA	NA	NA	NA	NA	NA	NA	NA	NA	NA	NA	NA	NA	NA	NA	NA	NA	NA
rs77864822	0.0	0.002	0.0	0.001	0.0	0.0	0.002	0.0	0.004	0.0	0.001	0.0	0.002	NA	1.0	0.002	0.0	0.0	0.001	0.0	0.0	0.004	0.001	0.0	0.002	0.0	0.0	0.0
rs1426371	0.004	0.003	0.0	0.004	0.002	0.0	0.0	0.0	0.001	0.0	0.001	0.0	0.002	NA	0.002	1.0	0.0	0.0	0.001	0.001	0.001	0.007	0.003	0.0	0.0	0.0	0.0	0.002
rs34965774	0.0	0.0	0.002	0.0	0.0	0.0	0.0	0.001	0.0	0.0	0.002	0.003	0.0	NA	0.0	0.0	1.0	0.0	0.001	0.0	0.001	0.0	0.0	0.0	0.001	0.0	0.0	0.0
rs12578639	0.0	0.002	0.0	0.001	0.003	0.0	0.0	0.0	0.0	0.001	0.003	0.0	0.0	NA	0.0	0.0	0.0	1.0	0.002	0.002	0.001	0.0	0.0	0.001	0.0	0.0	0.002	0.0
rs11065299	0.0	0.0	0.004	0.0	0.0	0.0	0.003	0.0	0.001	0.001	0.0	0.001	0.002	NA	0.001	0.001	0.001	0.002	1.0	0.003	0.006	0.022	0.0	0.0	0.003	0.003	0.0	0.003
rs73226260	0.0	0.0	0.001	0.0	0.0	0.0	0.001	0.0	0.0	0.0	0.001	0.0	0.0	NA	0.0	0.001	0.0	0.002	0.003	1.0	0.001	0.017	0.002	0.003	0.002	0.002	0.0	0.0
rs1800574	0.001	0.001	0.003	0.0	0.001	0.0	0.0	0.001	0.004	0.001	0.0	0.001	0.002	NA	0.0	0.001	0.001	0.001	0.006	0.001	1.0	0.012	0.001	0.0	0.0	0.002	0.0	0.001
rs56348580	0.0	0.002	0.0	0.001	0.0	0.0	0.002	0.0	0.0	0.001	0.0	0.0	0.0	NA	0.004	0.007	0.0	0.0	0.022	0.017	0.012	1.0	0.016	0.0	0.001	0.0	0.001	0.002
rs28638142	0.003	0.003	0.0	0.0	0.001	0.001	0.001	0.001	0.0	0.001	0.002	0.005	0.002	NA	0.001	0.003	0.0	0.0	0.0	0.002	0.001	0.016	1.0	0.0	0.001	0.003	0.0	0.001
rs73224262	0.0	0.0	0.0	0.001	0.0	0.0	0.001	0.0	0.001	0.0	0.004	0.004	0.003	NA	0.0	0.0	0.0	0.001	0.0	0.003	0.0	0.0	0.0	1.0	0.0	0.0	0.001	0.0
rs4148856	0.0	0.0	0.0	0.001	0.0	0.005	0.0	0.001	0.0	0.0	0.0	0.0	0.001	NA	0.002	0.0	0.001	0.0	0.003	0.002	0.0	0.001	0.001	0.0	1.0	0.001	0.004	0.003
rs7978610	0.0	0.001	0.0	0.0	0.001	0.0	0.0	0.0	0.001	0.001	0.0	0.001	0.001	NA	0.0	0.0	0.0	0.0	0.003	0.002	0.002	0.0	0.003	0.0	0.001	1.0	0.007	0.0
rs825452	0.001	0.001	0.0	0.002	0.0	0.001	0.0	0.001	0.0	0.001	0.0	0.001	0.0	NA	0.0	0.0	0.0	0.002	0.0	0.0	0.0	0.001	0.0	0.001	0.004	0.007	1.0	0.002
rs12811407	0.0	0.001	0.002	0.0	0.0	0.005	0.0	0.0	0.0	0.001	0.001	0.001	0.0	NA	0.0	0.002	0.0	0.0	0.003	0.0	0.001	0.002	0.001	0.0	0.003	0.0	0.002	1.0

