RS_number	rs8032939	rs34715063	rs11070332	rs543786825	rs2456530	rs528350911	rs117483894	rs8037894	rs7178762	rs4776970	rs13737	rs1005752	rs4932265	rs12910825
rs8032939	1.0	0.041	0.001	0.0	0.001	0.003	0.002	0.0	0.0	0.001	0.001	0.0	0.001	0.0
rs34715063	0.041	1.0	0.002	0.0	0.0	0.0	0.001	0.001	0.0	0.001	0.0	0.004	0.003	0.0
rs11070332	0.001	0.002	1.0	0.001	0.0	0.002	0.0	0.001	0.005	0.001	0.0	0.0	0.0	0.001
rs543786825	0.0	0.0	0.001	1.0	0.0	0.0	0.0	0.001	0.001	0.002	0.0	0.0	0.003	0.001
rs2456530	0.001	0.0	0.0	0.0	1.0	0.0	0.001	0.001	0.001	0.0	0.0	0.002	0.002	0.001
rs528350911	0.003	0.0	0.002	0.0	0.0	1.0	0.0	0.002	0.0	0.002	0.0	0.0	0.001	0.002
rs117483894	0.002	0.001	0.0	0.0	0.001	0.0	1.0	0.002	0.001	0.0	0.008	0.0	0.0	0.001
rs8037894	0.0	0.001	0.001	0.001	0.001	0.002	0.002	1.0	0.0	0.001	0.006	0.001	0.001	0.0
rs7178762	0.0	0.0	0.005	0.001	0.001	0.0	0.001	0.0	1.0	0.0	0.001	0.002	0.001	0.0
rs4776970	0.001	0.001	0.001	0.002	0.0	0.002	0.0	0.001	0.0	1.0	0.0	0.001	0.002	0.0
rs13737	0.001	0.0	0.0	0.0	0.0	0.0	0.008	0.006	0.001	0.0	1.0	0.005	0.0	0.0
rs1005752	0.0	0.004	0.0	0.0	0.002	0.0	0.0	0.001	0.002	0.001	0.005	1.0	0.0	0.0
rs4932265	0.001	0.003	0.0	0.003	0.002	0.001	0.0	0.001	0.001	0.002	0.0	0.0	1.0	0.003
rs12910825	0.0	0.0	0.001	0.001	0.001	0.002	0.001	0.0	0.0	0.0	0.0	0.0	0.003	1.0
