RS_number	rs6600191	rs3751837	rs8046545	rs11642430	rs199795270	rs4281707	rs78020297	rs1421085	rs862320	rs72802342	rs3115960	rs2925979	rs12920022
rs6600191	1.0	0.0	0.0	0.002	0.0	0.0	0.002	0.0	0.004	0.0	0.003	0.001	0.01
rs3751837	0.0	1.0	0.003	0.003	0.0	0.002	0.001	0.001	0.002	0.002	0.0	0.005	0.001
rs8046545	0.0	0.003	1.0	0.007	0.001	0.0	0.001	0.0	0.001	0.001	0.001	0.0	0.0
rs11642430	0.002	0.003	0.007	1.0	0.005	0.0	0.003	0.0	0.0	0.0	0.0	0.0	0.003
rs199795270	0.0	0.0	0.001	0.005	1.0	0.0	0.0	0.0	0.0	0.0	0.0	0.0	0.0
rs4281707	0.0	0.002	0.0	0.0	0.0	1.0	0.019	0.002	0.0	0.002	0.001	0.001	0.001
rs78020297	0.002	0.001	0.001	0.003	0.0	0.019	1.0	0.005	0.002	0.001	0.0	0.0	0.0
rs1421085	0.0	0.001	0.0	0.0	0.0	0.002	0.005	1.0	0.001	0.008	0.001	0.002	0.0
rs862320	0.004	0.002	0.001	0.0	0.0	0.0	0.002	0.001	1.0	0.002	0.0	0.002	0.001
rs72802342	0.0	0.002	0.001	0.0	0.0	0.002	0.001	0.008	0.002	1.0	0.094	0.0	0.001
rs3115960	0.003	0.0	0.001	0.0	0.0	0.001	0.0	0.001	0.0	0.094	1.0	0.002	0.001
rs2925979	0.001	0.005	0.0	0.0	0.0	0.001	0.0	0.002	0.002	0.0	0.002	1.0	0.0
rs12920022	0.01	0.001	0.0	0.003	0.0	0.001	0.0	0.0	0.001	0.001	0.001	0.0	1.0

