RS_number	rs11709077	rs17819328	rs35352848	rs17013314	rs11926707	rs75423501	rs4688760	rs2581787	rs76263492	rs3774723	rs74368513	rs9860730	rs13085136	rs2272163	rs11708067	rs649961	rs9828772	rs559138871	rs62271373	rs13065698	rs74653713	rs35497231	rs7629630	rs9873618	rs2872246	rs6780171	rs150111048	rs11717959	rs1516728	rs3887925	rs7645517	rs4686471
rs11709077	1.0	0.064	0.0	0.001	0.001	0.004	0.0	0.005	0.002	0.0	0.001	0.0	0.003	0.0	0.002	0.002	0.006	0.0	0.0	0.001	0.001	0.001	0.001	0.0	0.002	0.0	0.0	0.0	0.0	0.0	0.0	0.0
rs17819328	0.064	1.0	0.001	0.001	0.001	0.003	0.0	0.0	0.001	0.0	0.0	0.002	0.001	0.0	0.0	0.0	0.005	0.001	0.003	0.001	0.001	0.0	0.001	0.001	0.0	0.0	0.0	0.0	0.0	0.0	0.002	0.0
rs35352848	0.0	0.001	1.0	0.007	0.003	0.0	0.002	0.001	0.0	0.001	0.001	0.0	0.0	0.005	0.002	0.003	0.006	0.0	0.001	0.0	0.0	0.001	0.0	0.002	0.0	0.015	0.015	0.001	0.001	0.0	0.0	0.003
rs17013314	0.001	0.001	0.007	1.0	0.0	0.0	0.002	0.0	0.001	0.0	0.0	0.0	0.0	0.0	0.005	0.002	0.0	0.0	0.0	0.005	0.0	0.0	0.0	0.001	0.0	0.001	0.001	0.0	0.004	0.001	0.0	0.001
rs11926707	0.001	0.001	0.003	0.0	1.0	0.047	0.036	0.0	0.002	0.001	0.0	0.001	0.0	0.0	0.0	0.0	0.0	0.002	0.001	0.001	0.0	0.002	0.001	0.0	0.005	0.001	0.001	0.0	0.002	0.002	0.0	0.001
rs75423501	0.004	0.003	0.0	0.0	0.047	1.0	0.019	0.001	0.0	0.0	0.0	0.001	0.0	0.003	0.0	0.004	0.0	0.0	0.001	0.0	0.0	0.0	0.0	0.001	0.003	0.002	0.002	0.003	0.0	0.001	0.0	0.003
rs4688760	0.0	0.0	0.002	0.002	0.036	0.019	1.0	0.01	0.001	0.0	0.001	0.001	0.001	0.002	0.002	0.0	0.001	0.002	0.0	0.002	0.0	0.002	0.0	0.0	0.0	0.0	0.0	0.0	0.003	0.001	0.002	0.002
rs2581787	0.005	0.0	0.001	0.0	0.0	0.001	0.01	1.0	0.001	0.0	0.0	0.0	0.0	0.0	0.0	0.004	0.004	0.001	0.0	0.0	0.001	0.001	0.0	0.0	0.0	0.003	0.003	0.001	0.0	0.0	0.0	0.0
rs76263492	0.002	0.001	0.0	0.001	0.002	0.0	0.001	0.001	1.0	0.0	0.0	0.0	0.0	0.0	0.0	0.0	0.001	0.0	0.0	0.0	0.001	0.0	0.0	0.0	0.0	0.002	0.002	0.0	0.004	0.002	0.002	0.005
rs3774723	0.0	0.0	0.001	0.0	0.001	0.0	0.0	0.0	0.0	1.0	0.003	0.002	0.002	0.004	0.0	0.0	0.002	0.0	0.0	0.001	0.007	0.001	0.0	0.0	0.001	0.001	0.001	0.001	0.0	0.0	0.005	0.002
rs74368513	0.001	0.0	0.001	0.0	0.0	0.0	0.001	0.0	0.0	0.003	1.0	0.004	0.0	0.006	0.001	0.0	0.0	0.0	0.0	0.0	0.0	0.004	0.001	0.0	0.0	0.0	0.0	0.002	0.001	0.003	0.0	0.0
rs9860730	0.0	0.002	0.0	0.0	0.001	0.001	0.001	0.0	0.0	0.002	0.004	1.0	0.0	0.009	0.003	0.0	0.0	0.0	0.0	0.0	0.001	0.0	0.0	0.001	0.001	0.002	0.002	0.002	0.0	0.0	0.0	0.0
rs13085136	0.003	0.001	0.0	0.0	0.0	0.0	0.001	0.0	0.0	0.002	0.0	0.0	1.0	0.004	0.0	0.0	0.0	0.0	0.0	0.0	0.0	0.0	0.001	0.002	0.0	0.0	0.0	0.001	0.002	0.0	0.0	0.0
rs2272163	0.0	0.0	0.005	0.0	0.0	0.003	0.002	0.0	0.0	0.004	0.006	0.009	0.004	1.0	0.0	0.001	0.001	0.002	0.001	0.011	0.003	0.0	0.0	0.001	0.0	0.0	0.0	0.0	0.001	0.0	0.001	0.001
rs11708067	0.002	0.0	0.002	0.005	0.0	0.0	0.002	0.0	0.0	0.0	0.001	0.003	0.0	0.0	1.0	0.001	0.003	0.005	0.0	0.002	0.001	0.002	0.0	0.006	0.001	0.001	0.001	0.0	0.0	0.0	0.0	0.0
rs649961	0.002	0.0	0.003	0.002	0.0	0.004	0.0	0.004	0.0	0.0	0.0	0.0	0.0	0.001	0.001	1.0	0.0	0.001	0.0	0.0	0.002	0.004	0.002	0.001	0.001	0.002	0.002	0.001	0.001	0.0	0.002	0.002
rs9828772	0.006	0.005	0.006	0.0	0.0	0.0	0.001	0.004	0.001	0.002	0.0	0.0	0.0	0.001	0.003	0.0	1.0	0.0	0.002	0.001	0.002	0.004	0.0	0.0	0.0	0.001	0.001	0.002	0.004	0.0	0.001	0.002
rs559138871	0.0	0.001	0.0	0.0	0.002	0.0	0.002	0.001	0.0	0.0	0.0	0.0	0.0	0.002	0.005	0.001	0.0	1.0	0.0	0.001	0.0	0.0	0.0	0.002	0.001	0.002	0.002	0.002	0.0	0.001	0.0	0.002
rs62271373	0.0	0.003	0.001	0.0	0.001	0.001	0.0	0.0	0.0	0.0	0.0	0.0	0.0	0.001	0.0	0.0	0.002	0.0	1.0	0.001	0.003	0.003	0.002	0.001	0.002	0.001	0.001	0.001	0.0	0.002	0.002	0.0
rs13065698	0.001	0.001	0.0	0.005	0.001	0.0	0.002	0.0	0.0	0.001	0.0	0.0	0.0	0.011	0.002	0.0	0.001	0.001	0.001	1.0	0.015	0.003	0.001	0.001	0.0	0.002	0.002	0.002	0.003	0.007	0.0	0.001
rs74653713	0.001	0.001	0.0	0.0	0.0	0.0	0.0	0.001	0.001	0.007	0.0	0.001	0.0	0.003	0.001	0.002	0.002	0.0	0.003	0.015	1.0	0.019	0.0	0.0	0.001	0.0	0.0	0.002	0.0	0.001	0.003	0.001
rs35497231	0.001	0.0	0.001	0.0	0.002	0.0	0.002	0.001	0.0	0.001	0.004	0.0	0.0	0.0	0.002	0.004	0.004	0.0	0.003	0.003	0.019	1.0	0.001	0.001	0.0	0.002	0.002	0.002	0.0	0.001	0.001	0.002
rs7629630	0.001	0.001	0.0	0.0	0.001	0.0	0.0	0.0	0.0	0.0	0.001	0.0	0.001	0.0	0.0	0.002	0.0	0.0	0.002	0.001	0.0	0.001	1.0	0.0	0.0	0.002	0.002	0.003	0.002	0.001	0.0	0.0
rs9873618	0.0	0.001	0.002	0.001	0.0	0.001	0.0	0.0	0.0	0.0	0.0	0.001	0.002	0.001	0.006	0.001	0.0	0.002	0.001	0.001	0.0	0.001	0.0	1.0	0.002	0.0	0.0	0.0	0.002	0.0	0.001	0.0
rs2872246	0.002	0.0	0.0	0.0	0.005	0.003	0.0	0.0	0.0	0.001	0.0	0.001	0.0	0.0	0.001	0.001	0.0	0.001	0.002	0.0	0.001	0.0	0.0	0.002	1.0	0.0	0.0	0.001	0.001	0.0	0.007	0.0
rs6780171	0.0	0.0	0.015	0.001	0.001	0.002	0.0	0.003	0.002	0.001	0.0	0.002	0.0	0.0	0.001	0.002	0.001	0.002	0.001	0.002	0.0	0.002	0.002	0.0	0.0	1.0	1.0	0.373	0.0	0.005	0.0	0.0
rs150111048	0.0	0.0	0.015	0.001	0.001	0.002	0.0	0.003	0.002	0.001	0.0	0.002	0.0	0.0	0.001	0.002	0.001	0.002	0.001	0.002	0.0	0.002	0.002	0.0	0.0	1.0	1.0	0.373	0.0	0.005	0.0	0.0
rs11717959	0.0	0.0	0.001	0.0	0.0	0.003	0.0	0.001	0.0	0.001	0.002	0.002	0.001	0.0	0.0	0.001	0.002	0.002	0.001	0.002	0.002	0.002	0.003	0.0	0.001	0.373	0.373	1.0	0.002	0.004	0.0	0.001
rs1516728	0.0	0.0	0.001	0.004	0.002	0.0	0.003	0.0	0.004	0.0	0.001	0.0	0.002	0.001	0.0	0.001	0.004	0.0	0.0	0.003	0.0	0.0	0.002	0.002	0.001	0.0	0.0	0.002	1.0	0.0	0.001	0.001
rs3887925	0.0	0.0	0.0	0.001	0.002	0.001	0.001	0.0	0.002	0.0	0.003	0.0	0.0	0.0	0.0	0.0	0.0	0.001	0.002	0.007	0.001	0.001	0.001	0.0	0.0	0.005	0.005	0.004	0.0	1.0	0.084	0.002
rs7645517	0.0	0.002	0.0	0.0	0.0	0.0	0.002	0.0	0.002	0.005	0.0	0.0	0.0	0.001	0.0	0.002	0.001	0.0	0.002	0.0	0.003	0.001	0.0	0.001	0.007	0.0	0.0	0.0	0.001	0.084	1.0	0.0
rs4686471	0.0	0.0	0.003	0.001	0.001	0.003	0.002	0.0	0.005	0.002	0.0	0.0	0.0	0.001	0.0	0.002	0.002	0.002	0.0	0.001	0.001	0.002	0.0	0.0	0.0	0.0	0.0	0.001	0.001	0.002	0.0	1.0

