RS_number	rs111827885	rs1531583	rs35654957	rs56337234	rs362307	rs1801212	rs10937721	rs12640250	rs10938398	rs2102278	rs114447556	rs12642790	rs1903002	rs6821438	rs1580278	rs1296328	rs7669833	rs28819812	rs58730668
rs111827885	1.0	0.002	0.011	0.0	0.001	0.0	0.0	0.0	0.0	0.001	0.0	0.0	0.001	0.0	0.0	0.0	0.002	0.0	0.0
rs1531583	0.002	1.0	0.01	0.001	0.003	0.0	0.0	0.003	0.004	0.0	0.0	0.002	0.0	0.0	0.001	0.0	0.002	0.0	0.0
rs35654957	0.011	0.01	1.0	0.0	0.004	0.0	0.0	0.0	0.001	0.001	0.001	0.001	0.002	0.0	0.001	0.001	0.002	0.0	0.0
rs56337234	0.0	0.001	0.0	1.0	0.001	0.0	0.001	0.002	0.0	0.001	0.004	0.0	0.001	0.003	0.0	0.001	0.0	0.001	0.0
rs362307	0.001	0.003	0.004	0.001	1.0	0.0	0.0	0.003	0.0	0.0	0.0	0.002	0.0	0.0	0.0	0.0	0.009	0.0	0.001
rs1801212	0.0	0.0	0.0	0.0	0.0	1.0	0.587	0.0	0.0	0.002	0.001	0.0	0.002	0.002	0.001	0.001	0.002	0.001	0.0
rs10937721	0.0	0.0	0.0	0.001	0.0	0.587	1.0	0.0	0.0	0.0	0.001	0.0	0.0	0.001	0.001	0.0	0.002	0.004	0.0
rs12640250	0.0	0.003	0.0	0.002	0.003	0.0	0.0	1.0	0.001	0.0	0.0	0.0	0.002	0.001	0.002	0.0	0.001	0.001	0.005
rs10938398	0.0	0.004	0.001	0.0	0.0	0.0	0.0	0.001	1.0	0.001	0.001	0.001	0.001	0.002	0.0	0.0	0.0	0.0	0.003
rs2102278	0.001	0.0	0.001	0.001	0.0	0.002	0.0	0.0	0.001	1.0	0.0	0.002	0.0	0.0	0.0	0.002	0.001	0.0	0.0
rs114447556	0.0	0.0	0.001	0.004	0.0	0.001	0.001	0.0	0.001	0.0	1.0	0.0	0.003	0.0	0.0	0.0	0.006	0.007	0.0
rs12642790	0.0	0.002	0.001	0.0	0.002	0.0	0.0	0.0	0.001	0.002	0.0	1.0	0.002	0.003	0.009	0.0	0.0	0.0	0.001
rs1903002	0.001	0.0	0.002	0.001	0.0	0.002	0.0	0.002	0.001	0.0	0.003	0.002	1.0	0.001	0.0	0.006	0.0	0.0	0.001
rs6821438	0.0	0.0	0.0	0.003	0.0	0.002	0.001	0.001	0.002	0.0	0.0	0.003	0.001	1.0	0.0	0.002	0.0	0.003	0.001
rs1580278	0.0	0.001	0.001	0.0	0.0	0.001	0.001	0.002	0.0	0.0	0.0	0.009	0.0	0.0	1.0	0.0	0.002	0.002	0.0
rs1296328	0.0	0.0	0.001	0.001	0.0	0.001	0.0	0.0	0.0	0.002	0.0	0.0	0.006	0.002	0.0	1.0	0.0	0.0	0.001
rs7669833	0.002	0.002	0.002	0.0	0.009	0.002	0.002	0.001	0.0	0.001	0.006	0.0	0.0	0.0	0.002	0.0	1.0	0.002	0.004
rs28819812	0.0	0.0	0.0	0.001	0.0	0.001	0.004	0.001	0.0	0.0	0.007	0.0	0.0	0.003	0.002	0.0	0.002	1.0	0.0
rs58730668	0.0	0.0	0.0	0.0	0.001	0.0	0.0	0.005	0.003	0.0	0.0	0.001	0.001	0.001	0.0	0.001	0.004	0.0	1.0

