RS_number	rs112498319	rs9379084	rs9505097	rs7756992	rs601945	rs77136196	rs2233632	rs34298980	rs11967262	rs6458354	rs3798519	rs2465043	rs4946812	rs11759026	rs2800733	rs9494624	rs2982521	rs616279	rs474513	rs4709746
rs112498319	1.0	0.002	0.002	0.002	0.001	0.001	0.0	0.001	0.0	0.001	0.002	0.0	0.0	0.005	0.0	0.0	0.002	0.0	0.0	0.0
rs9379084	0.002	1.0	0.028	0.0	0.0	0.001	0.002	0.0	0.001	0.002	0.0	0.005	0.0	0.001	0.001	0.0	0.0	0.0	0.0	0.0
rs9505097	0.002	0.028	1.0	0.0	0.001	0.002	0.001	0.0	0.003	0.0	0.001	0.001	0.0	0.003	0.001	0.0	0.0	0.005	0.002	0.001
rs7756992	0.002	0.0	0.0	1.0	0.0	0.004	0.003	0.0	0.001	0.003	0.001	0.0	0.001	0.0	0.0	0.0	0.001	0.0	0.002	0.0
rs601945	0.001	0.0	0.001	0.0	1.0	0.003	0.001	0.0	0.003	0.0	0.0	0.001	0.0	0.001	0.001	0.0	0.001	0.0	0.0	0.001
rs77136196	0.001	0.001	0.002	0.004	0.003	1.0	0.007	0.001	0.001	0.004	0.007	0.001	0.0	0.001	0.0	0.0	0.0	0.005	0.0	0.001
rs2233632	0.0	0.002	0.001	0.003	0.001	0.007	1.0	0.0	0.001	0.003	0.0	0.001	0.001	0.002	0.0	0.0	0.0	0.001	0.0	0.0
rs34298980	0.001	0.0	0.0	0.0	0.0	0.001	0.0	1.0	0.001	0.001	0.0	0.0	0.001	0.002	0.002	0.0	0.0	0.004	0.0	0.004
rs11967262	0.0	0.001	0.003	0.001	0.003	0.001	0.001	0.001	1.0	0.0	0.0	0.0	0.005	0.002	0.0	0.0	0.006	0.0	0.0	0.0
rs6458354	0.001	0.002	0.0	0.003	0.0	0.004	0.003	0.001	0.0	1.0	0.0	0.002	0.0	0.001	0.0	0.0	0.002	0.004	0.001	0.0
rs3798519	0.002	0.0	0.001	0.001	0.0	0.007	0.0	0.0	0.0	0.0	1.0	0.0	0.0	0.002	0.002	0.002	0.006	0.0	0.004	0.002
rs2465043	0.0	0.005	0.001	0.0	0.001	0.001	0.001	0.0	0.0	0.002	0.0	1.0	0.0	0.001	0.0	0.001	0.002	0.001	0.0	0.0
rs4946812	0.0	0.0	0.0	0.001	0.0	0.0	0.001	0.001	0.005	0.0	0.0	0.0	1.0	0.003	0.002	0.001	0.0	0.003	0.003	0.004
rs11759026	0.005	0.001	0.003	0.0	0.001	0.001	0.002	0.002	0.002	0.001	0.002	0.001	0.003	1.0	0.0	0.005	0.0	0.0	0.0	0.0
rs2800733	0.0	0.001	0.001	0.0	0.001	0.0	0.0	0.002	0.0	0.0	0.002	0.0	0.002	0.0	1.0	0.001	0.004	0.0	0.0	0.0
rs9494624	0.0	0.0	0.0	0.0	0.0	0.0	0.0	0.0	0.0	0.0	0.002	0.001	0.001	0.005	0.001	1.0	0.0	0.0	0.002	0.0
rs2982521	0.002	0.0	0.0	0.001	0.001	0.0	0.0	0.0	0.006	0.002	0.006	0.002	0.0	0.0	0.004	0.0	1.0	0.003	0.001	0.001
rs616279	0.0	0.0	0.005	0.0	0.0	0.005	0.001	0.004	0.0	0.004	0.0	0.001	0.003	0.0	0.0	0.0	0.003	1.0	0.0	0.0
rs474513	0.0	0.0	0.002	0.002	0.0	0.0	0.0	0.0	0.0	0.001	0.004	0.0	0.003	0.0	0.0	0.002	0.001	0.0	1.0	0.005
rs4709746	0.0	0.0	0.001	0.0	0.001	0.001	0.0	0.004	0.0	0.0	0.002	0.0	0.004	0.0	0.0	0.0	0.001	0.0	0.005	1.0

