RS_number	rs17689007	rs57327348	rs10096633	rs10954772	rs13262861	rs4736819	rs148766658	rs11786992	rs10097617	rs187936726	rs149364428	rs12680028	rs3802177	rs80244329	rs17772814	rs1561927	rs4977213	rs12719778
rs17689007	1.0	0.06	0.001	0.0	0.0	0.001	0.001	0.0	0.004	0.001	0.001	0.0	0.001	0.0	0.0	0.0	0.0	0.004
rs57327348	0.06	1.0	0.0	0.0	0.002	0.0	0.0	0.0	0.0	0.0	0.0	0.001	0.004	0.0	0.0	0.001	0.0	0.001
rs10096633	0.001	0.0	1.0	0.001	0.003	0.0	0.0	0.004	0.002	0.002	0.001	0.0	0.003	0.001	0.0	0.001	0.001	0.003
rs10954772	0.0	0.0	0.001	1.0	0.0	0.001	0.0	0.001	0.001	0.0	0.0	0.001	0.0	0.002	0.002	0.001	0.0	0.001
rs13262861	0.0	0.002	0.003	0.0	1.0	0.236	0.004	0.002	0.0	0.0	0.003	0.001	0.007	0.0	0.001	0.001	0.001	0.0
rs4736819	0.001	0.0	0.0	0.001	0.236	1.0	0.019	0.0	0.0	0.001	0.0	0.001	0.0	0.001	0.001	0.001	0.003	0.0
rs148766658	0.001	0.0	0.0	0.0	0.004	0.019	1.0	0.0	0.002	0.002	0.024	0.001	0.0	0.0	0.001	0.0	0.001	0.001
rs11786992	0.0	0.0	0.004	0.001	0.002	0.0	0.0	1.0	0.048	0.002	0.0	0.001	0.003	0.003	0.0	0.0	0.0	0.001
rs10097617	0.004	0.0	0.002	0.001	0.0	0.0	0.002	0.048	1.0	0.01	0.0	0.0	0.002	0.003	0.0	0.003	0.0	0.0
rs187936726	0.001	0.0	0.002	0.0	0.0	0.001	0.002	0.002	0.01	1.0	0.0	0.003	0.0	0.0	0.001	0.0	0.0	0.0
rs149364428	0.001	0.0	0.001	0.0	0.003	0.0	0.024	0.0	0.0	0.0	1.0	0.0	0.002	0.0	0.0	0.001	0.002	0.0
rs12680028	0.0	0.001	0.0	0.001	0.001	0.001	0.001	0.001	0.0	0.003	0.0	1.0	0.001	0.007	0.0	0.002	0.001	0.001
rs3802177	0.001	0.004	0.003	0.0	0.007	0.0	0.0	0.003	0.002	0.0	0.002	0.001	1.0	0.003	0.002	0.001	0.0	0.0
rs80244329	0.0	0.0	0.001	0.002	0.0	0.001	0.0	0.003	0.003	0.0	0.0	0.007	0.003	1.0	0.001	0.001	0.003	0.0
rs17772814	0.0	0.0	0.0	0.002	0.001	0.001	0.001	0.0	0.0	0.001	0.0	0.0	0.002	0.001	1.0	0.001	0.002	0.001
rs1561927	0.0	0.001	0.001	0.001	0.001	0.001	0.0	0.0	0.003	0.0	0.001	0.002	0.001	0.001	0.001	1.0	0.0	0.001
rs4977213	0.0	0.0	0.001	0.0	0.001	0.003	0.001	0.0	0.0	0.0	0.002	0.001	0.0	0.003	0.002	0.0	1.0	0.001
rs12719778	0.004	0.001	0.003	0.001	0.0	0.0	0.001	0.001	0.0	0.0	0.0	0.001	0.0	0.0	0.001	0.001	0.001	1.0

