RS_number	rs34584161	rs11842871	rs576674	rs963740	rs9537803	rs9569864	rs9563615	rs76251711	rs1359790	rs7987740	rs4771648
rs34584161	1.0	0.001	0.001	0.0	0.0	0.002	0.0	0.0	0.001	0.002	0.0
rs11842871	0.001	1.0	0.001	0.001	0.0	0.0	0.002	0.0	0.0	0.002	0.002
rs576674	0.001	0.001	1.0	0.0	0.0	0.0	0.0	0.0	0.001	0.0	0.0
rs963740	0.0	0.001	0.0	1.0	0.0	0.002	0.0	0.0	0.008	0.0	0.0
rs9537803	0.0	0.0	0.0	0.0	1.0	0.01	0.015	0.025	0.001	0.0	0.0
rs9569864	0.002	0.0	0.0	0.002	0.01	1.0	0.456	0.0	0.0	0.004	0.001
rs9563615	0.0	0.002	0.0	0.0	0.015	0.456	1.0	0.032	0.001	0.006	0.0
rs76251711	0.0	0.0	0.0	0.0	0.025	0.0	0.032	1.0	0.001	0.004	0.001
rs1359790	0.001	0.0	0.001	0.008	0.001	0.0	0.001	0.001	1.0	0.001	0.0
rs7987740	0.002	0.002	0.0	0.0	0.0	0.004	0.006	0.004	0.001	1.0	0.002
rs4771648	0.0	0.002	0.0	0.0	0.0	0.001	0.0	0.001	0.0	0.002	1.0
