RS_number	rs7249758	rs116953931	rs75253922	rs4804833	rs3111316	rs8107974	rs188247550	rs10406327	rs429358	rs10406431	rs2238689	rs533172266	rs3810291
rs7249758	1.0	0.01	0.001	0.002	0.0	0.001	0.002	0.005	0.001	0.0	0.001	0.0	0.0
rs116953931	0.01	1.0	0.0	0.001	0.002	0.001	0.0	0.004	0.0	0.0	0.0	0.0	0.0
rs75253922	0.001	0.0	1.0	0.001	0.0	0.003	0.0	0.0	0.002	0.0	0.002	0.0	0.003
rs4804833	0.002	0.001	0.001	1.0	0.001	0.007	0.0	0.0	0.0	0.0	0.002	0.001	0.0
rs3111316	0.0	0.002	0.0	0.001	1.0	0.001	0.0	0.0	0.004	0.001	0.0	0.002	0.0
rs8107974	0.001	0.001	0.003	0.007	0.001	1.0	0.001	0.001	0.001	0.0	0.0	0.0	0.001
rs188247550	0.002	0.0	0.0	0.0	0.0	0.001	1.0	0.003	0.001	0.0	0.0	0.0	0.001
rs10406327	0.005	0.004	0.0	0.0	0.0	0.001	0.003	1.0	0.003	0.0	0.002	0.001	0.002
rs429358	0.001	0.0	0.002	0.0	0.004	0.001	0.001	0.003	1.0	0.002	0.0	0.0	0.005
rs10406431	0.0	0.0	0.0	0.0	0.001	0.0	0.0	0.0	0.002	1.0	0.035	0.001	0.004
rs2238689	0.001	0.0	0.002	0.002	0.0	0.0	0.0	0.002	0.0	0.035	1.0	0.001	0.001
rs533172266	0.0	0.0	0.0	0.001	0.002	0.0	0.0	0.001	0.0	0.001	0.001	1.0	0.001
rs3810291	0.0	0.0	0.003	0.0	0.0	0.001	0.001	0.002	0.005	0.004	0.001	0.001	1.0

