RS_number	rs3768321	rs58432198	rs12140153	rs184660829	rs1127215	rs1493694	rs10305745	rs145904381	rs539515	rs12048743	rs9430095	rs79687284	rs340874	rs114526150	rs2820446	rs348330	rs291367
rs3768321	1.0	0.0	0.0	0.001	0.001	0.0	0.0	0.0	0.0	0.001	0.001	0.0	0.002	0.0	0.0	0.002	0.0
rs58432198	0.0	1.0	0.001	0.0	0.004	0.0	0.001	0.002	0.0	0.005	0.003	0.0	0.0	0.001	0.0	0.0	0.0
rs12140153	0.0	0.001	1.0	0.0	0.002	0.003	0.0	0.0	0.003	0.0	0.001	0.0	0.001	0.002	0.001	0.002	0.0
rs184660829	0.001	0.0	0.0	1.0	0.001	0.0	0.0	0.0	0.0	0.0	0.0	0.0	0.002	0.0	0.001	0.0	0.001
rs1127215	0.001	0.004	0.002	0.001	1.0	0.001	0.0	0.002	0.002	0.001	0.005	0.001	0.001	0.0	0.0	0.002	0.003
rs1493694	0.0	0.0	0.003	0.0	0.001	1.0	0.001	0.001	0.0	0.003	0.0	0.0	0.001	0.0	0.003	0.002	0.0
rs10305745	0.0	0.001	0.0	0.0	0.0	0.001	1.0	0.0	0.001	0.0	0.002	0.0	0.003	0.0	0.0	0.001	0.0
rs145904381	0.0	0.002	0.0	0.0	0.002	0.001	0.0	1.0	0.0	0.001	0.003	0.001	0.0	0.001	0.0	0.001	0.001
rs539515	0.0	0.0	0.003	0.0	0.002	0.0	0.001	0.0	1.0	0.007	0.0	0.0	0.0	0.001	0.0	0.0	0.0
rs12048743	0.001	0.005	0.0	0.0	0.001	0.003	0.0	0.001	0.007	1.0	0.0	0.0	0.0	0.0	0.001	0.001	0.0
rs9430095	0.001	0.003	0.001	0.0	0.005	0.0	0.002	0.003	0.0	0.0	1.0	0.0	0.0	0.0	0.0	0.0	0.001
rs79687284	0.0	0.0	0.0	0.0	0.001	0.0	0.0	0.001	0.0	0.0	0.0	1.0	0.043	0.001	0.001	0.001	0.0
rs340874	0.002	0.0	0.001	0.002	0.001	0.001	0.003	0.0	0.0	0.0	0.0	0.043	1.0	0.021	0.001	0.0	0.005
rs114526150	0.0	0.001	0.002	0.0	0.0	0.0	0.0	0.001	0.001	0.0	0.0	0.001	0.021	1.0	0.002	0.0	0.0
rs2820446	0.0	0.0	0.001	0.001	0.0	0.003	0.0	0.0	0.0	0.001	0.0	0.001	0.001	0.002	1.0	0.0	0.0
rs348330	0.002	0.0	0.002	0.0	0.002	0.002	0.001	0.001	0.0	0.001	0.0	0.001	0.0	0.0	0.0	1.0	0.002
rs291367	0.0	0.0	0.0	0.001	0.003	0.0	0.0	0.001	0.0	0.0	0.001	0.0	0.005	0.0	0.0	0.002	1.0
