RS_number	rs1043246	rs3826482	rs1377807	rs1641523	rs62059712	rs7222481	rs4925109	rs71372253	rs10962	rs2189301	rs10908278	rs34855406	rs35895680	rs569511541	rs2727301	rs60276348	rs11657492	rs558308082	rs61676547
rs1043246	1.0	0.005	0.01	0.001	0.005	0.0	0.003	0.0	0.001	0.001	0.0	0.0	0.005	NA	0.0	0.006	0.0	0.0	0.007
rs3826482	0.005	1.0	0.014	0.002	0.0	0.0	0.0	0.002	0.003	0.001	0.0	0.0	0.0	NA	0.001	0.0	0.001	0.001	0.0
rs1377807	0.01	0.014	1.0	0.001	0.0	0.0	0.001	0.006	0.004	0.0	0.001	0.001	0.001	NA	0.001	0.0	0.001	0.0	0.0
rs1641523	0.001	0.002	0.001	1.0	0.016	0.001	0.0	0.0	0.001	0.001	0.0	0.0	0.001	NA	0.0	0.0	0.003	0.001	0.002
rs62059712	0.005	0.0	0.0	0.016	1.0	0.0	0.0	0.0	0.002	0.0	0.0	0.0	0.001	NA	0.0	0.001	0.0	0.0	0.001
rs7222481	0.0	0.0	0.0	0.001	0.0	1.0	0.0	0.0	0.004	0.0	0.001	0.0	0.001	NA	0.0	0.0	0.006	0.0	0.0
rs4925109	0.003	0.0	0.001	0.0	0.0	0.0	1.0	0.0	0.0	0.0	0.0	0.008	0.003	NA	0.001	0.0	0.0	0.001	0.0
rs71372253	0.0	0.002	0.006	0.0	0.0	0.0	0.0	1.0	0.002	0.0	0.0	0.0	0.0	NA	0.003	0.0	0.0	0.0	0.001
rs10962	0.001	0.003	0.004	0.001	0.002	0.004	0.0	0.002	1.0	0.029	0.017	0.001	0.0	NA	0.0	0.0	0.0	0.004	0.001
rs2189301	0.001	0.001	0.0	0.001	0.0	0.0	0.0	0.0	0.029	1.0	0.002	0.002	0.001	NA	0.0	0.0	0.0	0.0	0.001
rs10908278	0.0	0.0	0.001	0.0	0.0	0.001	0.0	0.0	0.017	0.002	1.0	0.005	0.001	NA	0.001	0.001	0.0	0.001	0.005
rs34855406	0.0	0.0	0.001	0.0	0.0	0.0	0.008	0.0	0.001	0.002	0.005	1.0	0.0	NA	0.0	0.0	0.001	0.0	0.001
rs35895680	0.005	0.0	0.001	0.001	0.001	0.001	0.003	0.0	0.0	0.001	0.001	0.0	1.0	NA	0.002	0.004	0.0	0.002	0.0
rs569511541	NA	NA	NA	NA	NA	NA	NA	NA	NA	NA	NA	NA	NA	NA	NA	NA	NA	NA	NA
rs2727301	0.0	0.001	0.001	0.0	0.0	0.0	0.001	0.003	0.0	0.0	0.001	0.0	0.002	NA	1.0	0.001	0.0	0.0	0.003
rs60276348	0.006	0.0	0.0	0.0	0.001	0.0	0.0	0.0	0.0	0.0	0.001	0.0	0.004	NA	0.001	1.0	0.001	0.0	0.0
rs11657492	0.0	0.001	0.001	0.003	0.0	0.006	0.0	0.0	0.0	0.0	0.0	0.001	0.0	NA	0.0	0.001	1.0	0.0	0.0
rs558308082	0.0	0.001	0.0	0.001	0.0	0.0	0.001	0.0	0.004	0.0	0.001	0.0	0.002	NA	0.0	0.0	0.0	1.0	0.004
rs61676547	0.007	0.0	0.0	0.002	0.001	0.0	0.0	0.001	0.001	0.001	0.005	0.001	0.0	NA	0.003	0.0	0.0	0.004	1.0

