RS_number	rs62107261	rs35913461	rs11680058	rs17802463	rs1260326	rs28525376	rs6708643	rs80147536	rs10193538	rs6545714	rs243024	rs2249105	rs2052261	rs2028150	rs79046683	rs11688931	rs11688682	rs66477705	rs35999103	rs13426680	rs3772071	rs10195252	rs13024606	rs113414093	rs2972144
rs62107261	1.0	0.001	0.002	0.002	0.0	0.001	0.001	0.002	0.005	0.0	0.001	0.002	0.001	0.0	NA	0.0	0.001	0.0	0.0	0.0	0.0	0.0	0.0	0.001	0.0
rs35913461	0.001	1.0	0.001	0.001	0.004	0.0	0.003	0.0	0.0	0.0	0.0	0.001	0.0	0.002	NA	0.0	0.001	0.0	0.0	0.0	0.001	0.0	0.0	0.0	0.002
rs11680058	0.002	0.001	1.0	0.005	0.0	0.0	0.0	0.003	0.0	0.0	0.0	0.006	0.008	0.003	NA	0.001	0.0	0.0	0.0	0.001	0.0	0.001	0.003	0.001	0.005
rs17802463	0.002	0.001	0.005	1.0	0.001	0.001	0.0	0.0	0.0	0.001	0.001	0.001	0.001	0.0	NA	0.0	0.002	0.0	0.001	0.002	0.0	0.0	0.0	0.0	0.001
rs1260326	0.0	0.004	0.0	0.001	1.0	0.001	0.0	0.0	0.001	0.0	0.007	0.0	0.0	0.001	NA	0.001	0.0	0.0	0.001	0.004	0.0	0.0	0.005	0.0	0.0
rs28525376	0.001	0.0	0.0	0.001	0.001	1.0	0.004	0.002	0.0	0.001	0.001	0.001	0.001	0.0	NA	0.004	0.0	0.0	0.001	0.0	0.002	0.002	0.001	0.0	0.001
rs6708643	0.001	0.003	0.0	0.0	0.0	0.004	1.0	0.001	0.001	0.0	0.004	0.001	0.002	0.0	NA	0.0	0.0	0.001	0.0	0.0	0.0	0.0	0.0	0.0	0.0
rs80147536	0.002	0.0	0.003	0.0	0.0	0.002	0.001	1.0	0.001	0.0	0.002	0.0	0.0	0.0	NA	0.0	0.0	0.0	0.001	0.001	0.002	0.0	0.001	0.003	0.0
rs10193538	0.005	0.0	0.0	0.0	0.001	0.0	0.001	0.001	1.0	0.004	0.0	0.001	0.0	0.0	NA	0.003	0.0	0.0	0.001	0.001	0.0	0.001	0.0	0.002	0.0
rs6545714	0.0	0.0	0.0	0.001	0.0	0.001	0.0	0.0	0.004	1.0	0.0	0.0	0.0	0.001	NA	0.004	0.001	0.002	0.006	0.001	0.002	0.001	0.003	0.001	0.0
rs243024	0.001	0.0	0.0	0.001	0.007	0.001	0.004	0.002	0.0	0.0	1.0	0.004	0.003	0.0	NA	0.0	0.0	0.0	0.001	0.0	0.0	0.001	0.001	0.001	0.0
rs2249105	0.002	0.001	0.006	0.001	0.0	0.001	0.001	0.0	0.001	0.0	0.004	1.0	0.729	0.024	NA	0.0	0.0	0.0	0.001	0.001	0.0	0.001	0.001	0.0	0.001
rs2052261	0.001	0.0	0.008	0.001	0.0	0.001	0.002	0.0	0.0	0.0	0.003	0.729	1.0	0.027	NA	0.0	0.001	0.0	0.0	0.001	0.0	0.0	0.003	0.0	0.001
rs2028150	0.0	0.002	0.003	0.0	0.001	0.0	0.0	0.0	0.0	0.001	0.0	0.024	0.027	1.0	NA	0.002	0.001	0.003	0.001	0.0	0.0	0.002	0.0	0.0	0.0
rs79046683	NA	NA	NA	NA	NA	NA	NA	NA	NA	NA	NA	NA	NA	NA	NA	NA	NA	NA	NA	NA	NA	NA	NA	NA	NA
rs11688931	0.0	0.0	0.001	0.0	0.001	0.004	0.0	0.0	0.003	0.004	0.0	0.0	0.0	0.002	NA	1.0	0.161	0.001	0.0	0.003	0.0	0.001	0.0	0.002	0.001
rs11688682	0.001	0.001	0.0	0.002	0.0	0.0	0.0	0.0	0.0	0.001	0.0	0.0	0.001	0.001	NA	0.161	1.0	0.0	0.0	0.001	0.0	0.004	0.0	0.0	0.0
rs66477705	0.0	0.0	0.0	0.0	0.0	0.0	0.001	0.0	0.0	0.002	0.0	0.0	0.0	0.003	NA	0.001	0.0	1.0	0.002	0.0	0.0	0.0	0.001	0.001	0.003
rs35999103	0.0	0.0	0.0	0.001	0.001	0.001	0.0	0.001	0.001	0.006	0.001	0.001	0.0	0.001	NA	0.0	0.0	0.002	1.0	0.0	0.0	0.0	0.003	0.002	0.001
rs13426680	0.0	0.0	0.001	0.002	0.004	0.0	0.0	0.001	0.001	0.001	0.0	0.001	0.001	0.0	NA	0.003	0.001	0.0	0.0	1.0	0.0	0.001	0.0	0.0	0.002
rs3772071	0.0	0.001	0.0	0.0	0.0	0.002	0.0	0.002	0.0	0.002	0.0	0.0	0.0	0.0	NA	0.0	0.0	0.0	0.0	0.0	1.0	0.001	0.0	0.001	0.0
rs10195252	0.0	0.0	0.001	0.0	0.0	0.002	0.0	0.0	0.001	0.001	0.001	0.001	0.0	0.002	NA	0.001	0.004	0.0	0.0	0.001	0.001	1.0	0.062	0.001	0.0
rs13024606	0.0	0.0	0.003	0.0	0.005	0.001	0.0	0.001	0.0	0.003	0.001	0.001	0.003	0.0	NA	0.0	0.0	0.001	0.003	0.0	0.0	0.062	1.0	0.003	0.005
rs113414093	0.001	0.0	0.001	0.0	0.0	0.0	0.0	0.003	0.002	0.001	0.001	0.0	0.0	0.0	NA	0.002	0.0	0.001	0.002	0.0	0.001	0.001	0.003	1.0	0.0
rs2972144	0.0	0.002	0.005	0.001	0.0	0.001	0.0	0.0	0.0	0.0	0.0	0.001	0.001	0.0	NA	0.001	0.0	0.003	0.001	0.002	0.0	0.0	0.005	0.0	1.0

