RS_number	rs3845281	rs146886108	rs17250977	rs6885132	rs76549217	rs62368490	rs6884702	rs17261179	rs3811978	rs62357230	rs62370480	rs702634	rs279744	rs465002	rs2431115	rs9687832	rs96844	rs4976033	rs2307111	rs4457053	rs1316776	rs7719891	rs138337556	rs78408340	rs115505614	rs244665	rs329122	rs3934712
rs3845281	1.0	0.0	0.001	0.002	0.055	0.001	0.0	0.001	0.0	0.01	0.0	0.0	0.001	0.0	0.0	0.002	0.0	0.005	0.003	0.002	0.001	0.003	0.0	0.0	0.0	0.001	0.001	0.0
rs146886108	0.0	1.0	0.0	0.001	0.0	0.0	0.001	0.001	0.001	0.0	0.0	0.0	0.0	0.002	0.0	0.001	0.0	0.0	0.001	0.0	0.002	0.0	0.0	0.0	0.003	0.002	0.0	0.0
rs17250977	0.001	0.0	1.0	0.004	0.001	0.0	0.0	0.002	0.0	0.0	0.0	0.0	0.0	0.0	0.0	0.001	0.001	0.0	0.0	0.0	0.005	0.001	0.0	0.0	0.002	0.001	0.0	0.0
rs6885132	0.002	0.001	0.004	1.0	0.002	0.002	0.0	0.0	0.001	0.0	0.002	0.001	0.004	0.0	0.001	0.003	0.003	0.0	0.0	0.001	0.0	0.001	0.0	0.0	0.0	0.0	0.002	0.0
rs76549217	0.055	0.0	0.001	0.002	1.0	0.0	0.0	0.004	0.0	0.004	0.003	0.001	0.001	0.0	0.0	0.001	0.0	0.002	0.0	0.001	0.0	0.002	0.0	0.0	0.0	0.001	0.007	0.0
rs62368490	0.001	0.0	0.0	0.002	0.0	1.0	0.014	0.0	0.003	0.0	0.002	0.0	0.0	0.0	0.002	0.001	0.001	0.001	0.001	0.005	0.001	0.001	0.0	0.0	0.001	0.0	0.0	0.009
rs6884702	0.0	0.001	0.0	0.0	0.0	0.014	1.0	0.0	0.005	0.0	0.002	0.003	0.001	0.0	0.001	0.0	0.002	0.002	0.0	0.0	0.0	0.004	0.002	0.0	0.001	0.006	0.001	0.003
rs17261179	0.001	0.001	0.002	0.0	0.004	0.0	0.0	1.0	0.001	0.002	0.0	0.0	0.004	0.0	0.001	0.002	0.001	0.0	0.0	0.006	0.0	0.0	0.005	0.001	0.0	0.001	0.002	0.002
rs3811978	0.0	0.001	0.0	0.001	0.0	0.003	0.005	0.001	1.0	0.001	0.0	0.0	0.002	0.0	0.0	0.002	0.002	0.0	0.0	0.0	0.0	0.0	0.001	0.001	0.0	0.006	0.0	0.0
rs62357230	0.01	0.0	0.0	0.0	0.004	0.0	0.0	0.002	0.001	1.0	0.037	0.0	0.0	0.002	0.0	0.0	0.0	0.001	0.003	0.0	0.001	0.002	0.0	0.0	0.0	0.002	0.002	0.0
rs62370480	0.0	0.0	0.0	0.002	0.003	0.002	0.002	0.0	0.0	0.037	1.0	0.002	0.002	0.002	0.001	0.001	0.003	0.006	0.001	0.0	0.0	0.002	0.001	0.001	0.0	0.0	0.0	0.0
rs702634	0.0	0.0	0.0	0.001	0.001	0.0	0.003	0.0	0.0	0.0	0.002	1.0	0.006	0.0	0.0	0.0	0.0	0.0	0.001	0.0	0.0	0.0	0.001	0.0	0.0	0.0	0.006	0.0
rs279744	0.001	0.0	0.0	0.004	0.001	0.0	0.001	0.004	0.002	0.0	0.002	0.006	1.0	0.0	0.001	0.001	0.0	0.001	0.003	0.0	0.002	0.0	0.002	0.002	0.0	0.0	0.0	0.0
rs465002	0.0	0.002	0.0	0.0	0.0	0.0	0.0	0.0	0.0	0.002	0.002	0.0	0.0	1.0	0.1	0.029	0.0	0.004	0.001	0.0	0.0	0.004	0.002	0.0	0.001	0.0	0.002	0.0
rs2431115	0.0	0.0	0.0	0.001	0.0	0.002	0.001	0.001	0.0	0.0	0.001	0.0	0.001	0.1	1.0	0.039	0.003	0.0	0.003	0.0	0.006	0.0	0.001	0.001	0.001	0.004	0.0	0.0
rs9687832	0.002	0.001	0.001	0.003	0.001	0.001	0.0	0.002	0.002	0.0	0.001	0.0	0.001	0.029	0.039	1.0	0.001	0.0	0.0	0.0	0.0	0.0	0.001	0.001	0.001	0.002	0.001	0.0
rs96844	0.0	0.0	0.001	0.003	0.0	0.001	0.002	0.001	0.002	0.0	0.003	0.0	0.0	0.0	0.003	0.001	1.0	0.0	0.0	0.0	0.0	0.004	0.001	0.001	0.002	0.004	0.0	0.0
rs4976033	0.005	0.0	0.0	0.0	0.002	0.001	0.002	0.0	0.0	0.001	0.006	0.0	0.001	0.004	0.0	0.0	0.0	1.0	0.0	0.0	0.004	0.0	0.0	0.0	0.0	0.001	0.004	0.001
rs2307111	0.003	0.001	0.0	0.0	0.0	0.001	0.0	0.0	0.0	0.003	0.001	0.001	0.003	0.001	0.003	0.0	0.0	0.0	1.0	0.002	0.0	0.002	0.0	0.0	0.001	0.002	0.0	0.0
rs4457053	0.002	0.0	0.0	0.001	0.001	0.005	0.0	0.006	0.0	0.0	0.0	0.0	0.0	0.0	0.0	0.0	0.0	0.0	0.002	1.0	0.0	0.001	0.0	0.002	0.0	0.0	0.0	0.001
rs1316776	0.001	0.002	0.005	0.0	0.0	0.001	0.0	0.0	0.0	0.001	0.0	0.0	0.002	0.0	0.006	0.0	0.0	0.004	0.0	0.0	1.0	0.0	0.0	0.001	0.005	0.001	0.001	0.005
rs7719891	0.003	0.0	0.001	0.001	0.002	0.001	0.004	0.0	0.0	0.002	0.002	0.0	0.0	0.004	0.0	0.0	0.004	0.0	0.002	0.001	0.0	1.0	0.001	0.001	0.004	0.004	0.001	0.0
rs138337556	0.0	0.0	0.0	0.0	0.0	0.0	0.002	0.005	0.001	0.0	0.001	0.001	0.002	0.002	0.001	0.001	0.001	0.0	0.0	0.0	0.0	0.001	1.0	0.561	0.0	0.001	0.0	0.002
rs78408340	0.0	0.0	0.0	0.0	0.0	0.0	0.0	0.001	0.001	0.0	0.001	0.0	0.002	0.0	0.001	0.001	0.001	0.0	0.0	0.002	0.001	0.001	0.561	1.0	0.0	0.001	0.001	0.0
rs115505614	0.0	0.003	0.002	0.0	0.0	0.001	0.001	0.0	0.0	0.0	0.0	0.0	0.0	0.001	0.001	0.001	0.002	0.0	0.001	0.0	0.005	0.004	0.0	0.0	1.0	0.0	0.001	0.0
rs244665	0.001	0.002	0.001	0.0	0.001	0.0	0.006	0.001	0.006	0.002	0.0	0.0	0.0	0.0	0.004	0.002	0.004	0.001	0.002	0.0	0.001	0.004	0.001	0.001	0.0	1.0	0.0	0.0
rs329122	0.001	0.0	0.0	0.002	0.007	0.0	0.001	0.002	0.0	0.002	0.0	0.006	0.0	0.002	0.0	0.001	0.0	0.004	0.0	0.0	0.001	0.001	0.0	0.001	0.001	0.0	1.0	0.0
rs3934712	0.0	0.0	0.0	0.0	0.0	0.009	0.003	0.002	0.0	0.0	0.0	0.0	0.0	0.0	0.0	0.0	0.0	0.001	0.0	0.001	0.005	0.0	0.002	0.0	0.0	0.0	0.0	1.0

