RS_number	rs17168486	rs10228066	rs2908334	rs78840640	rs4279506	rs1708302	rs917195	rs878521	rs116913033	rs56376556	rs11496066	rs62482405	rs39328	rs6976111	rs2268382	rs1562396	rs62492368	rs6459733
rs17168486	1.0	0.0	0.001	0.0	0.0	0.0	0.003	0.0	0.004	0.001	0.001	0.0	0.002	0.002	0.0	0.003	0.0	0.01
rs10228066	0.0	1.0	0.029	0.002	0.0	0.001	0.002	0.0	0.0	0.0	0.002	0.0	0.001	0.0	0.001	0.0	0.0	0.0
rs2908334	0.001	0.029	1.0	0.001	0.001	0.001	0.001	0.001	0.001	0.0	0.0	0.0	0.0	0.002	0.003	0.0	0.001	0.0
rs78840640	0.0	0.002	0.001	1.0	0.004	0.001	0.002	0.0	0.001	0.001	0.001	0.001	0.0	0.0	0.0	0.003	0.003	0.0
rs4279506	0.0	0.0	0.001	0.004	1.0	0.001	0.0	0.001	0.0	0.003	0.002	0.001	0.0	0.0	0.0	0.001	0.0	0.001
rs1708302	0.0	0.001	0.001	0.001	0.001	1.0	0.002	0.0	0.0	0.0	0.002	0.001	0.0	0.0	0.0	0.005	0.0	0.001
rs917195	0.003	0.002	0.001	0.002	0.0	0.002	1.0	0.0	0.0	0.0	0.0	0.001	0.0	0.0	0.0	0.0	0.0	0.0
rs878521	0.0	0.0	0.001	0.0	0.001	0.0	0.0	1.0	0.019	0.0	0.0	0.0	0.0	0.001	0.005	0.0	0.0	0.0
rs116913033	0.004	0.0	0.001	0.001	0.0	0.0	0.0	0.019	1.0	0.0	0.001	0.0	0.0	0.0	0.003	0.002	0.003	0.001
rs56376556	0.001	0.0	0.0	0.001	0.003	0.0	0.0	0.0	0.0	1.0	0.004	0.06	0.0	0.001	0.0	0.0	0.001	0.002
rs11496066	0.001	0.002	0.0	0.001	0.002	0.002	0.0	0.0	0.001	0.004	1.0	0.022	0.0	0.0	0.001	0.0	0.001	0.0
rs62482405	0.0	0.0	0.0	0.001	0.001	0.001	0.001	0.0	0.0	0.06	0.022	1.0	0.002	0.0	0.0	0.0	0.004	0.002
rs39328	0.002	0.001	0.0	0.0	0.0	0.0	0.0	0.0	0.0	0.0	0.0	0.002	1.0	0.001	0.0	0.0	0.0	0.0
rs6976111	0.002	0.0	0.002	0.0	0.0	0.0	0.0	0.001	0.0	0.001	0.0	0.0	0.001	1.0	0.001	0.001	0.002	0.0
rs2268382	0.0	0.001	0.003	0.0	0.0	0.0	0.0	0.005	0.003	0.0	0.001	0.0	0.0	0.001	1.0	0.001	0.0	0.0
rs1562396	0.003	0.0	0.0	0.003	0.001	0.005	0.0	0.0	0.002	0.0	0.0	0.0	0.0	0.001	0.001	1.0	0.0	0.0
rs62492368	0.0	0.0	0.001	0.003	0.0	0.0	0.0	0.0	0.003	0.001	0.001	0.004	0.0	0.002	0.0	0.0	1.0	0.002
rs6459733	0.01	0.0	0.0	0.0	0.001	0.001	0.0	0.0	0.001	0.002	0.0	0.002	0.0	0.0	0.0	0.0	0.002	1.0

