RS_number	rs510807	rs79103584	rs10974438	rs7022807	rs7867635	rs7847880	rs1412830	rs76011118	rs10811660	rs10757283	rs1333052	rs1575972	rs1412234	rs12001437	rs11137820	rs17791513	rs2796441	rs55653563	rs12236906	rs505922	rs78403475	rs28505901	rs11793035
rs510807	1.0	0.0	0.002	0.001	0.001	0.0	0.002	0.001	0.001	0.002	0.002	0.0	0.0	0.0	0.002	0.0	0.001	0.001	0.003	0.0	0.0	0.0	0.0
rs79103584	0.0	1.0	0.004	0.0	0.0	0.001	0.0	0.0	0.0	0.002	0.0	0.0	0.0	0.0	0.0	0.0	0.001	0.012	0.0	0.0	0.001	0.0	0.002
rs10974438	0.002	0.004	1.0	0.001	0.001	0.002	0.001	0.0	0.001	0.001	0.002	0.0	0.001	0.001	0.0	0.0	0.001	0.001	0.0	0.002	0.001	0.0	0.002
rs7022807	0.001	0.0	0.001	1.0	0.0	0.002	0.001	0.002	0.0	0.0	0.0	0.0	0.0	0.0	0.009	0.001	0.001	0.0	0.006	0.002	0.005	0.001	0.0
rs7867635	0.001	0.0	0.001	0.0	1.0	0.001	0.002	0.001	0.001	0.0	0.001	0.001	0.0	0.002	0.0	0.001	0.002	0.0	0.0	0.004	0.002	0.0	0.001
rs7847880	0.0	0.001	0.002	0.002	0.001	1.0	0.008	0.0	0.001	0.006	0.0	0.001	0.0	0.0	0.0	0.001	0.0	0.0	0.001	0.001	0.001	0.001	0.0
rs1412830	0.002	0.0	0.001	0.001	0.002	0.008	1.0	0.013	0.002	0.018	0.004	0.004	0.001	0.006	0.001	0.0	0.0	0.0	0.0	0.0	0.001	0.003	0.0
rs76011118	0.001	0.0	0.0	0.002	0.001	0.0	0.013	1.0	0.007	0.042	0.0	0.001	0.0	0.0	0.0	0.0	0.0	0.0	0.001	0.0	0.0	0.001	0.002
rs10811660	0.001	0.0	0.001	0.0	0.001	0.001	0.002	0.007	1.0	0.258	0.004	0.0	0.0	0.0	0.0	0.004	0.001	0.001	0.0	0.004	0.002	0.0	0.0
rs10757283	0.002	0.002	0.001	0.0	0.0	0.006	0.018	0.042	0.258	1.0	0.001	0.0	0.0	0.0	0.0	0.001	0.001	0.0	0.0	0.001	0.001	0.0	0.0
rs1333052	0.002	0.0	0.002	0.0	0.001	0.0	0.004	0.0	0.004	0.001	1.0	0.001	0.0	0.004	0.0	0.0	0.005	0.0	0.0	0.002	0.0	0.001	0.001
rs1575972	0.0	0.0	0.0	0.0	0.001	0.001	0.004	0.001	0.0	0.0	0.001	1.0	0.001	0.0	0.001	0.002	0.0	0.0	0.0	0.0	0.001	0.0	0.001
rs1412234	0.0	0.0	0.001	0.0	0.0	0.0	0.001	0.0	0.0	0.0	0.0	0.001	1.0	0.003	0.001	0.001	0.002	0.001	0.003	0.004	0.0	0.0	0.0
rs12001437	0.0	0.0	0.001	0.0	0.002	0.0	0.006	0.0	0.0	0.0	0.004	0.0	0.003	1.0	0.0	0.003	0.004	0.003	0.0	0.0	0.001	0.0	0.001
rs11137820	0.002	0.0	0.0	0.009	0.0	0.0	0.001	0.0	0.0	0.0	0.0	0.001	0.001	0.0	1.0	0.002	0.0	0.001	0.002	0.005	0.0	0.0	0.004
rs17791513	0.0	0.0	0.0	0.001	0.001	0.001	0.0	0.0	0.004	0.001	0.0	0.002	0.001	0.003	0.002	1.0	0.001	0.001	0.001	0.003	0.002	0.0	0.001
rs2796441	0.001	0.001	0.001	0.001	0.002	0.0	0.0	0.0	0.001	0.001	0.005	0.0	0.002	0.004	0.0	0.001	1.0	0.0	0.0	0.006	0.001	0.0	0.0
rs55653563	0.001	0.012	0.001	0.0	0.0	0.0	0.0	0.0	0.001	0.0	0.0	0.0	0.001	0.003	0.001	0.001	0.0	1.0	0.002	0.003	0.001	0.0	0.002
rs12236906	0.003	0.0	0.0	0.006	0.0	0.001	0.0	0.001	0.0	0.0	0.0	0.0	0.003	0.0	0.002	0.001	0.0	0.002	1.0	0.003	0.001	0.0	0.0
rs505922	0.0	0.0	0.002	0.002	0.004	0.001	0.0	0.0	0.004	0.001	0.002	0.0	0.004	0.0	0.005	0.003	0.006	0.003	0.003	1.0	0.001	0.0	0.0
rs78403475	0.0	0.001	0.001	0.005	0.002	0.001	0.001	0.0	0.002	0.001	0.0	0.001	0.0	0.001	0.0	0.002	0.001	0.001	0.001	0.001	1.0	0.028	0.001
rs28505901	0.0	0.0	0.0	0.001	0.0	0.001	0.003	0.001	0.0	0.0	0.001	0.0	0.0	0.0	0.0	0.0	0.0	0.0	0.0	0.0	0.028	1.0	0.007
rs11793035	0.0	0.002	0.002	0.0	0.001	0.0	0.0	0.002	0.0	0.0	0.001	0.001	0.0	0.001	0.004	0.001	0.0	0.002	0.0	0.0	0.001	0.007	1.0
